292
331
703
1240
1345
1395
1519
1781
3425
3979
6070
6102
7209
7499
9308
9521
9982
11171
11481
11501
11734
12289
12751
12864
13117
13168
14173
15363
16482
17589
17886
18958
19015
19177
19333
19723
20236
21566
21591
21623
22111
23517
24150
24649
25085
25126
946297
946803
947046
947257
947313
947987
948735
951682
952296
955117
955432
955725
956143
956654
956853
957018
957435
957968
958909
959708
960342
960746
961395
961624
962416
962485
962671
963425
963504
964286
966174
966511
967494
967697
967742
967895
968133
968262
968650
969647
970092
970489
971311
971455
972699
973425
973573
975073
975919
976250
976712
976802
976859
976944
977586
977889
978473
978949
979225
979982
980283
981842
981885
982892
983245
983990
984112
984186
984577
985151
985605
985920
986495
987549
987938
988727
988984
989451
989471
990625
990868
991081
991178
992145
992633
992788
992963
994128
995538
996025
996133
996921
997749
998495
999020
999202
999378
999994
1000037
1000078
1000134
1000308
1000804
1000866
1001138
1002818
1003250
1003807
1004057
1004084
1004318
1004459
1004943
1005025
1005084
1005205
1005253
1005386
1005488
1005492
1005884
1005990
1006615
1009967
1010905
1011802
1011987
1012201
1012619
1012689
1012729
1012746
1012780
1013397
1014037
1015060
1015273
1015662
1016376
1016661
1016807
1017065
1017270
1017856
1018217
1018453
1019794
1020642
1021234
1022187
1023630
1024851
1025589
1026969
1027602
1027916
1028072
1028582
1028928
1029217
1030508
1031063
1031475
1031732
1031738
1031783
1032113
1032836
1033490
1033739
1035233
1036064
1036176
1036767
1037832
1038516
1039127
1039190
1039421
1040001
1040105
1040378
1040663
1041099
1041644
1041967
1042301
1042580
1042674
1043140
1043342
1045111
1045125
1045355
1045375
1046095
1046463
1047057
1047453
1048137
1048806
1051886
1052547
1052577
1052905
1054038
1055322
1055680
1056237
1056615
1058131
1058518
1058535
1059725
1059946
1060177
1060394
1060443
1060519
1060992
1061539
1062150
1063185
1064583
1068140
1068210
1068413
1068436
1068865
1069182
1069216
1070456
1072170
1074188
1075193
1075502
1075756
1076385
1077734
1077854
1078223
1078577
1079410
1080736
1081970
1082576
1083501
1083638
1084162
1084976
1085178
1086379
1086622
1086676
1087193
1087394
1087851
1090039
1090970
1091237
1092085
1092388
1092545
1093275
1093560
1095440
1095746
1095862
1097341
1097480
1097661
1098518
1100092
1102119
1102159
1103456
1104244
1105280
1105291
1105537
1105674
1105806
1106016
1106407
1106602
1108895
1109067
1109194
1109862
1110230
1110945
1111065
1111677
1112579
1112703
1112893
1113087
1113323
1113426
1113548
1113624
1113643
1113798
1113859
1113888
1114109
1114205
1114386
1114809
1115043
1115164
1115503
1115557
1116125
1116356
1116550
1116899
1117061
1117618
1117955
1118223
1118494
1118539
1118557
1119057
1119502
1119847
1119928
1120152
1120287
1120364
1121799
1124193
1124296
1124919
1125076
1125141
1126788
1126873
1127491
1127687
1127969
1128036
1128358
1128608
1129213
1130163
1130414
1130680
1130924
1131037
1132060
1132279
1134327
1134907
1136254
1137620
1141255
1142817
1143014
1143042
1143079
1143255
1143304
1144636
1144827
1144997
1146102
1148256
1148344
1149137
1149441
1149795
1149845
1150074
1150103
1150126
1150250
1150327
1150579
1150949
1151541
1151788
1152684
1152818
1152955
1153342
1153735
1153968
1154371
1155103
1155414
1156077
1156359
1157351
1157545
1157648
1157748
1157928
1158543
1159663
1159862
1160008
1160211
1160785
1162432
1162507
1162573
1162826
1163758
1163931
1165115
1165254
1166249
1166712
1166755
1166904
1168590
1170200
1170281
1170448
1170503
1170976
1171682
1171886
1173222
1173891
1175675
1175693
1176893
1176946
1179712
1180141
1180906
1181330
1183294
1183629
1186196
1186602
1186910
1187361
1187823
1188264
1189609
1190154
1191186
1192022
1192549
1193412
1194559
1194851
1198194
1198798
1199157
1200260
1200290
1200460
1200848
1200898
1201422
1201437
1201627
1202280
1202395
1202693
1203621
1204901
1205120
1208253
1208585
1208623
1208773
1210370
1210422
1210700
1214506
1215098
1215208
1215229
1215286
1215294
1215405
1215465
1215488
1217313
1218186
1219374
1220890
1221918
1222367
1222410
1223560
1223688
1223874
1224058
1224353
1225065
1225809
1225999
1226223
1226335
1226539
1226752
1227031
1227160
1228033
1228185
1228261
1228361
1228572
1229131
1229191
1229280
1229454
1229666
1230077
1230339
1230532
1230808
1231040
1231166
1231399
1231624
1231705
1231853
1232149
1232316
1232572
1232914
1233204
1233980
1234749
1234899
1236193
1236466
1238707
1239928
1242528
1243338
1243394
1243668
1244310
1245346
1245427
1245466
1246649
1246897
1247518
1247671
1248108
1248169
1248362
1248820
1249108
1249474
1249869
1249919
1251634
1252356
1252482
1254599
1254651
1256071
1256779
1257404
1257609
1259497
1260431
1261516
1261529
1262693
1263028
1263195
1263447
1263471
1263510
1263749
1264373
1264528
1264844
1265261
1267056
1268488
1268661
1268713
1269386
1269560
1270455
1270663
1272323
1273019
1273902
1274143
1274237
1274679
1275308
1276416
1276717
1276986
1277565
1278963
1278983
1279188
1280051
1281461
1283360
1284764
1287506
1287843
1288827
1290038
1290266
1290513
1291075
1294048
1294071
1294293
1295541
1295803
1296899
1297137
1300751
1301155
1301330
1302421
1303877
1304336
1305653
1305901
1306814
1309170
1309918
1310518
1312788
1314286
1314600
1314875
1315456
1315984
1316249
1316535
1316731
1316774
1317503
1317819
1317894
1317918
1317941
1317959
1318037
1318083
1319995
1320886
1321557
1321652
1321829
1321975
1322927
1323363
1323630
1324955
1326935
1327627
1329715
1329921
1330050
1331386
1331942
1335020
1336252
1337259
1338572
1339012
1339383
1339407
1339608
1340231
1340348
1340524
1340574
1341508
1342260
1342766
1343440
1343653
1343891
1344946
1345021
1345111
1346131
1346393
1346898
1346960
1347536
1348442
1348620
1348774
1349194
1350312
1350441
1350527
1350555
1353688
1354313
1355489
1356366
1358081
1358790
1358876
1361002
1362130
1362386
1362495
1362549
1363048
1364073
1364304
1364323
1365731
1365754
1365799
1366094
1366686
1367299
1369195
1369573
1370051
1370103
1370242
1371151
1371333
1372797
1373635
1373665
1375617
1375652
1375955
1376812
1376826
1377049
1377498
1377831
1377922
1378468
1379016
1379055
1379851
1379866
1379971
1381169
1381584
1381932
1382062
1382427
1383186
1383399
1384444
1384530
1384973
1386138
1386531
1387203
1388145
1389795
1390342
1390815
1391199
1391527
1392063
1392958
1394118
1394876
1396169
1396321
1397490
1398443
1399171
1399461
1400744
1403613
1403809
1404390
1404654
1404790
1405894
1405931
1406236
1406673
1407585
1407624
1408907
1411311
1411347
1412590
1412804
1413373
1414004
1414122
1414699
1415467
1416052
1417295
1417405
1417784
1418713
1419074
1420172
1420188
1420771
1421960
1422198
1423866
1425237
1426417
1426945
1427032
1427754
1428156
1428182
1428507
1428828
1429108
1430813
1432048
1432463
1432558
1432640
1433378
1433469
1436422
1436492
1436984
1437602
1438196
1438583
1438794
1439890
1439953
1440030
1440305
1441010
1441254
1441330
1441473
1442504
1445681
1445945
1446904
1447474
1447571
1447830
1451759
1452121
1452949
1454053
1454721
1455802
1456027
1456536
1456726
1457249
1457665
1459353
1460880
1461682
1462495
1462819
1466914
1468041
1469067
1472444
1473104
1473537
1474171
1475413
1475685
1475939
1476056
1476261
1477434
1477975
1479034
1479237
1479299
1480061
1480926
1481619
1481987
1482437
1483320
1483421
1483599
1484173
1484346
1484493
1484989
1485350
1486194
1486249
1486831
1487000
1487066
1487997
1488848
1488900
1489798
1490783
1492265
1492550
1493303
1493849
1494194
1494746
1494779
1496072
1496626
1499833
1500181
1500244
1501289
1501699
1504554
1505071
1506026
1506314
1508221
1510079
1511354
1514400
1514615
1514710
1514931
1515532
1515562
1516213
1518699
1519049
1519568
1519612
1519705
1520277
1520323
1520719
1523113
1523433
1523548
1523718
1523906
1524170
1524183
1524334
1524385
1525086
1525151
1525456
1525805
1527267
1528231
1530264
1531273
1532999
1534182
1534328
1534732
1534885
1535021
1535098
1539265
1539859
1540128
1540612
1541499
1543978
1544374
1544906
1545931
1546086
1546819
1546949
1547136
1547265
1547897
1549349
1550744
1550924
1551946
1552178
1552295
1552736
1552862
1553275
1553315
1554477
1554495
1555954
1556434
1556649
1557819
1557915
1559439
1559465
1559584
1559746
1562700
1562739
1564343
1565877
1566300
1567578
1568421
1569832
1570477
1570595
1571698
1571947
1573040
1573209
1575082
1575512
1576735
1577172
1577640
1578115
1579600
1580286
1580360
1580498
1581013
1581096
1581463
1581613
1581683
1581725
1582021
1582319
1583213
1583815
1583935
1584706
1584794
1585309
1586454
1586595
1588286
1588530
1588893
1589067
1589083
1589480
1589564
1589772
1590519
1593309
1593810
1594272
1596640
1596827
1597145
1597706
1599847
1600000
1603246
1603950
1607726
1608140
1608804
1608874
1610519
1610839
1611438
1611730
1612082
1612173
1614081
1615115
1615170
1616626
1616880
1617129
1617297
1617438
1617721
1618432
1619057
1619340
1619400
1619825
1620293
1620759
1621219
1621612
1623267
1623391
1625102
1625851
1626265
1628740
1629047
1630531
1631054
1633737
1634124
1635221
1635490
1635669
1636092
1636121
1636377
1636750
1636970
1638848
1639405
1641028
1641699
1642414
1642609
1642840
1643164
1644819
1647588
1648495
1649675
1650438
1650826
1652886
1653278
1653334
1653454
1653566
1653762
1654777
1655159
1656812
1657069
1659834
1660633
1661454
1661487
1663870
1664544
1665679
1667020
1667544
1667970
1670136
1672549
1672988
1673042
1673617
1674241
1677360
1677377
1678568
1680014
1683484
1685699
1686931
1687683
1688218
1688965
1691217
1691432
1691517
1691751
1693391
1694332
1694407
1694742
1694984
1695040
1695065
1697454
1697871
1698356
1698645
1698895
1699734
1700034
1700721
1701234
1702493
1703240
1711094
1713967
1716350
1717049
1717273
1717453
1717936
1718202
1718510
1718660
1719148
1719568
1719998
1721869
1721909
1722382
1722472
1725222
1725770
1726902
1727833
1728316
1729907
1730078
1730330
1730472
1730828
1731159
1731512
1731792
1732158
1732331
1732825
1734327
1734890
1735540
1735670
1735808
1736141
1737299
1738080
1738813
1739622
1740083
1740168
1740208
1740350
1740403
1740654
1741488
1742072
1742088
1742358
1743164
1743348
1744391
1744446
1744509
1744992
1745482
1745857
1746435
1747519
1748877
1748990
1749180
1749527
1750059
1750988
1751515
1752376
1752466
1754540
1755128
1758834
1758947
1759140
1759344
1759502
1759843
1760117
1761729
1761823
1761844
1761860
1761898
1761975
1762507
1762524
1763673
1765226
1767221
1767528
1767612
1768070
1768191
1768367
1768807
1769252
1769400
1770682
1772485
1772504
1773576
1776335
1777256
1777918
1778044
1778751
1779551
1780366
1781216
1781319
1782143
1782169
1782310
1782494
1784766
1785161
1786720
1786825
1786901
1787496
1788675
1789572
1790030
1790459
1793585
1794510
1795038
1795289
1796820
1796843
1796883
1797724
1797952
1798154
1798184
1799144
1799290
1800065
1800094
1800853
1801347
1801369
1801418
1801942
1802465
1803108
1803447
1803561
1803750
1804101
1804317
1804412
1805472
1807567
1808344
1808679
1809194
1809551
1812492
1813308
1813661
1814399
1815051
1815542
1815963
1816317
1816614
1817174
1817269
1818219
1819077
1819140
1820073
1820328
1821889
1822422
1822617
1823274
1825255
1825465
1828256
1828297
1828325
1828605
1828647
1828689
1829567
1829827
1829915
1830508
1830861
1831044
1831309
1832124
1832250
1833095
1833518
1833816
1833986
1834084
1834330
1834521
1834754
1836576
1837595
1837928
1839291
1839448
1840131
1840548
1840597
1840876
1841073
1842024
1843113
1845065
1845116
1845777
1849325
1849686
1850340
1850365
1852468
1853260
1853992
1854352
1854563
1855447
1857135
1857469
1857734
1858690
1858848
1859411
1859993
1860129
1860716
1861948
1864525
1864625
1864681
1865313